acquire 1574
    0382 1574 1578 2510 2582
    2659 2694 2745 2780 2836
    2919 2980 3041 3056 3116
    3129 3325 3342 3566 4022
    4042 4509 4567 4670 4733
    4824 4836 4855 5030 5057
    5076 5131 5458 5491 5562
    5575 6080 6104 6118 7013
    7034 7055 8210 8397 8458
    8506
acquiresleep 4822
    0391 4677 4692 4822 5511
    5560
allocproc 2505
    2505 2558 2632
allocuvm 1953
    0436 1953 1967 1973 2610
    6851 6865
alltraps 3454
    3409 3417 3430 3435 3453
    3454
ALT 7910
    7910 7938 7940
argfd 6271
    6271 6323 6338 6357 6368
    6381
argint 3752
    0410 3752 3766 3782 3931
    3977 4006 4020 6276 6338
    6357 6608 6675 6676 6732
argptr 3761
    0411 3761 3960 6338 6357
    6381 6757
argstr 3779
    0412 3779 6407 6508 6608
    6657 6674 6708 6732
BACK 8811
    8811 8924 9070 9339
backcmd 8846 9064
    8846 8859 8925 9064 9066
    9192 9305 9340
BACKSPACE 8300
    8300 8317 8350 8374 8408
    8414
balloc 5216
    5216 5236 5617 5625 5629
BBLOCK 4310
    4310 5223 5258
begin_op 5028
    0336 2689 2740 5028 6133
    6224 6410 6511 6611 6656
    6673 6707 6821
bfree 5252
    5252 5664 5674 5677
bget 4666
    4666 4696 4706
binit 4638
    0263 1238 4638
bmap 5610
    5354 5610 5636 5720 5770
bootmain 9467
    9418 9467
BPB 4307
    4307 4310 5222 5224 5259
bread 4702
    0264 4702 4977 4978 4990
    5006 5090 5091 5185 5206
    5223 5258 5411 5435 5514
    5626 5670 5720 5770
brelse 4726
    0265 4726 4729 4981 4982
    4997 5014 5094 5095 5187
    5209 5229 5234 5265 5417
    5420 5444 5522 5632 5676
    5723 5774
BSIZE 4255
    4059 4255 4274 4301 4307
    4480 4496 4519 4958 4979
    5092 5207 5720 5721 5722
    5766 5770 5771 5772
buf 4050
    0250 0264 0265 0266 0308
    0335 2120 2123 2132 2134
    4050 4056 4057 4058 4413
    4433 4436 4474 4506 4554
    4556 4561 4626 4630 4634
    4640 4653 4665 4668 4701
    4704 4715 4726 4906 4977
    4978 4990 4991 4997 5006
    5007 5013 5014 5090 5091
    5122 5170 5183 5204 5219
    5254 5407 5432 5505 5613
    5659 5706 5756 8132 8143
    8147 8151 8384 8406 8420
    8468 8501 8508 8934 8937
    8938 8939 8953 8965 8966
    8968 8969 8970 8974
bwrite 4715
    0266 4715 4718 4980 5013
    5093
bzero 5202
    5202 5230
B_DIRTY 4062
    4062 4494 4518 4523 4562
    4580 4686 4719 5139
B_VALID 4061
    4061 4522 4562 4580 4707
C 7931 8390
    7931 7979 8004 8005 8006
    8007 8008 8010 8390 8400
    8404 8411 8422 8469
CAPSLOCK 7912
    7912 7945 8086
clearpteu 2034
    0445 2034 2040 6867
cli 0557
    0557 0559 1124 1660 8260
    8369 9362
cmd 8815
    8815 8827 8836 8837 8842
    8843 8848 8852 8856 8865
    8868 8873 8881 8887 8891
    8901 8925 8927 9002 9005
    9007 9008 9009 9010 9013
    9014 9016 9018 9019 9020
    9021 9022 9023 9024 9025
    9026 9029 9030 9032 9034
    9035 9036 9037 9038 9039
    9050 9051 9053 9055 9056
    9057 9058 9059 9060 9063
    9064 9066 9068 9069 9070
    9071 9072 9162 9163 9164
    9165 9167 9171 9174 9180
    9181 9184 9187 9189 9192
    9196 9198 9200 9203 9205
    9208 9210 9213 9214 9225
    9228 9231 9235 9250 9253
    9258 9262 9263 9266 9271
    9272 9278 9287 9288 9294
    9295 9301 9302 9311 9314
    9316 9322 9323 9328 9334
    9340 9341 9344
CMOS_PORT 7679
    7679 7693 7694 7733
CMOS_RETURN 7680
    7680 7736
CMOS_STATA 7720
    7720 7763
CMOS_STATB 7721
    7721 7756
CMOS_UIP 7722
    7722 7763
COM1 8564
    8564 8574 8577 8578 8579
    8580 8581 8582 8585 8591
    8592 8607 8609 8617 8619
commit 5101
    4953 5075 5101
CONSOLE 4386
    4386 8521 8522
consoleinit 8516
    0269 1234 8516
consoleintr 8393
    0271 8098 8393 8625
consoleread 8451
    8451 8522
consolewrite 8501
    8501 8521
CONSOLE_HORIZONTAL_MAX 8339
    8339 8341 8345 8346 8347
    8353 8354 8357 8358
CONSOLE_VERTICAL_MAX 8340
    8340 8341 8346 8353
consputc 8366
    8119 8151 8219 8237 8240
    8244 8245 8366 8408 8414
    8421 8508
context 2326
    0251 0379 2303 2326 2345
    2543 2544 2545 2546 2931
    2972 3178
CONV 7772
    7772 7773 7774 7775 7776
    7777 7778 7779
copyout 2118
    0444 2118 2875 6875 6886
copyuvm 2053
    0441 2053 2064 2066 2637
cprintf 8202
    0270 1264 1967 1973 3176
    3180 3182 3593 3603 3608
    3862 4558 5353 6825 7859
    8202 8263 8264 8265 8268
cpu 2301
    0311 0363 1264 1278 1506
    1566 1591 1608 1647 1719
    2301 2312 2437 2465 2911
    3593 3603 3608 7413
cpuid 2431
    0358 1264 1725 2431 3565
    3594 3604 3611
CR0_PE 0727
    0727 1137 1170 9393
CR0_PG 0737
    0737 1170
CR0_WP 0733
    0733 1170
CR4_PSE 0739
    0739 1074 1163
create 6557
    6557 6577 6590 6594 6614
    6657 6677
CRTPORT 8301
    8301 8310 8311 8312 8313
    8331 8332 8333 8334
CTL 7909
    7909 7935 7939 8085
DAY 7727
    7727 7744
deallocuvm 1987
    0437 1968 1974 1987 2021
    2613
DEVSPACE 0204
    0204 1818 1828 1834
devsw 4379
    4379 4384 5709 5711 5759
    5761 6062 8521 8522
dinode 4278
    4278 4301 5408 5412 5433
    5436 5506 5515
dirent 4315
    4315 5814 5855 6455 6504
dirlink 5852
    0288 5852 5867 5875 6430
    6589 6593 6594
dirlookup 5811
    0289 5811 5817 5821 5859
    5975 6523 6567
DIRSIZ 4313
    4313 4317 5805 5872 5928
    5929 5992 6404 6505 6561
DPL_USER 0779
    0779 1729 1730 2567 2568
    3524 3618 3628
E0ESC 7916
    7916 8070 8074 8075 8077
    8080
elfhdr 0955
    0955 6815 9469 9474
ELF_MAGIC 0952
    0952 6834 9480
ELF_PROG_LOAD 0986
    0986 6845
end_op 5053
    0337 2691 2742 5053 6135
    6229 6412 6419 6437 6446
    6513 6547 6552 6616 6621
    6627 6636 6640 6658 6662
    6678 6682 6709 6715 6720
    6824 6859 6910
entry 1047
    0961 1040 1046 1047 3402
    3403 6899 7271 9471 9495
    9496
EOI 7566
    7566 7641 7669
ERROR 7587
    7587 7634
ESR 7569
    7569 7637 7638
EXEC 8807
    8807 8872 9009 9315
exec 6810
    0275 6748 6810 6825 8718
    8779 8780 8876 8877
execcmd 8819 9003
    8819 8860 8873 9003 9005
    9271 9277 9278 9306 9316
exit 2672
    0359 2672 2712 2762 3555
    3559 3619 3629 3920 8667
    8670 8711 8776 8781 8866
    8875 8885 8930 8977 8984
exit2 2720
    0375 2720 3934 8731
EXTMEM 0202
    0202 0210 1813
fdalloc 6303
    6303 6325 6632 6762
fetchint 3717
    0413 3717 3754 6739
fetchstr 3731
    0414 3731 3784 6745
file 4350
    0252 0278 0279 0280 0282
    0283 0284 0351 2348 4350
    5171 6060 6065 6075 6078
    6081 6101 6102 6114 6116
    6152 6165 6202 6265 6271
    6274 6303 6320 6334 6353
    6366 6378 6605 6754 6958
    6972 8111 8559 8828 8883
    8884 9014 9022 9222
filealloc 6076
    0278 6076 6632 6978
fileclose 6114
    0279 2684 2735 6114 6120
    6371 6634 6765 6766 7004
    7006
filedup 6102
    0280 2652 6102 6106 6327
fileinit 6069
    0281 1239 6069
fileread 6165
    0282 6165 6180 6340
filestat 6152
    0283 6152 6383
filewrite 6202
    0284 6202 6234 6239 6359
FL_IF 0710
    0710 1662 1669 2442 2571
    2969
fork 2625
    0360 2625 3914 8710 8773
    8775 8992 8994
fork1 8988
    8850 8892 8904 8911 8926
    8973 8988
forkret 3003
    2418 2546 3003
freerange 3301
    3261 3285 3291 3301
freevm 2015
    0438 1839 2015 2020 2078
    2793 2849 6902 6907
FSSIZE 0162
    0162 4478
gatedesc 0901
    0523 0526 0901 3512
getcallerpcs 1627
    0383 1592 1627 3178 8266
getcmd 8934
    8934 8965
gettoken 9106
    9106 9191 9195 9207 9220
    9221 9257 9261 9283
growproc 2603
    0361 2603 4009
havedisk1 4435
    4435 4463 4558 4564
holding 1645
    0384 1577 1604 1645 2963
holdingsleep 4851
    0393 4560 4717 4728 4851
    5533
HOURS 7726
    7726 7743
ialloc 5404
    0290 5404 5422 6576 6577
IBLOCK 4304
    4304 5411 5435 5514
ICRHI 7580
    7580 7644 7702 7714
ICRLO 7570
    7570 7645 7646 7703 7705
    7715
ID 7563
    7563 7604 7661
ideinit 4451
    0306 1240 4451
ideintr 4504
    0307 3574 4504
idelock 4432
    4432 4455 4509 4512 4530
    4567 4581 4585
iderw 4554
    0308 4554 4561 4563 4565
    4708 4720
idestart 4474
    4436 4474 4477 4485 4528
    4577
idewait 4440
    4440 4457 4487 4518
IDE_BSY 4416
    4416 4444
IDE_CMD_RDMUL 4423
    4423 4482
IDE_CMD_READ 4421
    4421 4482
IDE_CMD_WRITE 4422
    4422 4483
IDE_CMD_WRMUL 4424
    4424 4483
IDE_DEBUG 4426
    4426 4557
IDE_DF 4418
    4418 4446
IDE_DRDY 4417
    4417 4444
IDE_ERR 4419
    4419 4446
idtinit 3530
    0421 1265 3530
idup 5489
    0291 2653 5489 5962
iget 5454
    5359 5418 5454 5474 5829
    5960
iinit 5343
    0292 3014 5343
ilock 5503
    0293 5503 5509 5525 5965
    6155 6174 6225 6416 6429
    6442 6517 6525 6565 6569
    6579 6624 6712 6828 8463
    8483 8510
inb 0453
    0453 4444 4462 7546 7736
    8064 8067 8311 8313 8585
    8591 8592 8607 8617 8619
    9373 9381 9504
initlock 1562
    0385 1562 2426 3283 3526
    4455 4642 4815 4962 5347
    6071 6986 8519
initlog 4956
    0334 3015 4956 4959
initsleeplock 4813
    0394 4656 4813 5349
inituvm 1903
    0439 1903 1908 2564
inode 4362
    0253 0288 0289 0290 0291
    0293 0294 0295 0296 0297
    0299 0300 0301 0302 0303
    0440 1918 2349 4356 4362
    4380 4381 5174 5339 5349
    5359 5403 5430 5453 5456
    5462 5488 5489 5503 5531
    5558 5582 5610 5656 5688
    5703 5753 5810 5811 5852
    5856 5954 5957 5989 6000
    6405 6452 6503 6556 6560
    6606 6654 6669 6704 6816
    8451 8501
INPUT_BUF 8382
    8382 8384 8406 8418 8420
    8422 8468
insl 0462
    0462 0464 4519 9523
install_trans 4972
    4972 5021 5106
INT_DISABLED 7819
    7819 7864
IOAPIC 7808
    7808 7855
ioapic 7827
    7508 7525 7526 7824 7827
    7836 7837 7843 7844 7855
ioapicenable 7870
    0311 4456 7870 8530 8593
ioapicid 7415
    0312 7415 7526 7858 7859
ioapicinit 7851
    0313 1233 7851 7859
ioapicread 7834
    7834 7856 7857
ioapicwrite 7841
    7841 7864 7865 7875 7876
IPB 4301
    4301 4304 5412 5436 5515
iput 5558
    0294 2690 2741 5558 5585
    5860 5983 6134 6435 6719
IRQ_COM1 3383
    3383 3584 8593
IRQ_ERROR 3385
    3385 7634
IRQ_IDE 3384
    3384 3573 3577 4456
IRQ_KBD 3382
    3382 3580 8530
IRQ_SPURIOUS 3386
    3386 3592 7614
IRQ_TIMER 3381
    3381 3564 3624 7621
isdirempty 6452
    6452 6459 6529
itrunc 5656
    5174 5567 5656
iunlock 5531
    0295 5531 5534 5584 5972
    6157 6177 6228 6425 6639
    6718 8456 8505
iunlockput 5582
    0296 5582 5967 5976 5979
    6418 6431 6434 6445 6530
    6541 6545 6551 6568 6572
    6596 6626 6635 6661 6681
    6714 6858 6909
iupdate 5430
    0297 5430 5569 5682 5779
    6424 6444 6539 6544 6583
    6587
kalloc 3337
    0316 1294 1747 1830 1909
    1965 2069 2528 3337 6980
KBDATAP 7904
    7904 8067
kbdgetc 8056
    8056 8098
kbdintr 8096
    0322 3581 8096
KBSTATP 7902
    7902 8064
KBS_DIB 7903
    7903 8065
KERNBASE 0208
    0208 0210 0215 0216 0218
    0219 1316 1634 1813 1958
    2021
KERNLINK 0210
    0210 1814
KEY_DEL 7928
    7928 7969 7991 8015
KEY_DN 7922
    7922 7965 7987 8011
KEY_END 7920
    7920 7968 7990 8014
KEY_HOME 7919
    7919 7968 7990 8014
KEY_INS 7927
    7927 7969 7991 8015
KEY_LF 7923
    7923 7967 7989 8013
KEY_PGDN 7926
    7926 7966 7988 8012
KEY_PGUP 7925
    7925 7966 7988 8012
KEY_RT 7924
    7924 7967 7989 8013
KEY_UP 7921
    7921 7965 7987 8011
kfree 3314
    0317 1975 2003 2005 2025
    2028 2638 2791 2847 3306
    3314 3319 7002 7023
kill 3125
    0362 3125 3609 3979 8717
kinit1 3281
    0318 1227 3281
kinit2 3289
    0319 1242 3289
KSTACKSIZE 0151
    0151 1087 1096 1295 1883
    2532
kvmalloc 1853
    0433 1228 1853
lapiceoi 7666
    0328 3571 3575 3582 3586
    3590 3595 7666
lapicid 7655
    0326 2450 7655 8263
lapicinit 7608
    0329 1230 1256 7608
lapicstartap 7685
    0330 1299 7685
lapicw 7601
    7601 7614 7620 7621 7622
    7625 7626 7631 7634 7637
    7638 7641 7644 7645 7651
    7669 7702 7703 7705 7714
    7715
lcr3 0590
    0590 1864 1888
lgdt 0512
    0512 0520 1135 1731 9391
lidt 0526
    0526 0534 3532
LINT0 7585
    7585 7625
LINT1 7586
    7586 7626
LIST 8810
    8810 8890 9057 9333
listcmd 8840 9051
    8840 8861 8891 9051 9053
    9196 9307 9334
loaduvm 1918
    0440 1918 1924 1927 6855
log 4938 4950
    4938 4950 4962 4964 4965
    4966 4976 4977 4978 4990
    4993 4994 4995 5006 5009
    5010 5011 5022 5030 5032
    5033 5034 5036 5038 5039
    5057 5058 5059 5060 5061
    5063 5068 5070 5076 5077
    5078 5079 5089 5090 5091
    5103 5107 5126 5128 5131
    5132 5133 5136 5137 5138
    5140
logheader 4933
    4933 4945 4958 4959 4991
    5007
LOGSIZE 0160
    0160 4935 5034 5126
log_write 5122
    0335 5122 5129 5208 5228
    5264 5416 5443 5630 5773
ltr 0538
    0538 0540 1887
mappages 1763
    1763 1837 1911 1972 2072
MAXARG 0158
    0158 6728 6814 6872
MAXARGS 8813
    8813 8821 8822 9290
MAXFILE 4275
    4275 5766
MAXOPBLOCKS 0159
    0159 0160 0161 5034 6217
memcmp 7115
    0401 7115 7438 7488 7766
memmove 7131
    0402 1285 1912 2071 2132
    4979 5092 5186 5442 5521
    5722 5772 5929 5931 7131
    7154 8326
memset 7104
    0403 1750 1833 1910 1971
    2545 2566 3322 5207 5414
    6534 6735 7104 8328 8937
    9008 9019 9035 9056 9069
microdelay 7675
    0331 7675 7704 7706 7716
    7734 8608
min 5173
    5173 5721 5771
MINS 7725
    7725 7742
MONTH 7728
    7728 7745
mp 7252
    7252 7408 7429 7437 7438
    7439 7455 7460 7464 7465
    7468 7469 7480 7483 7485
    7487 7494 7505 7510 7542
MPBUS 7302
    7302 7529
mpconf 7263
    7263 7479 7482 7487 7506
mpconfig 7480
    7480 7510
mpenter 1252
    1252 1296
mpinit 7501
    0341 7501
MPIOAPIC 7303
    7303 7524
mpioapic 7289
    7289 7508 7525 7527
MPIOINTR 7304
    7304 7530
MPLINTR 7305
    7305 7531
mpmain 1262
    1216 1248 1257 1262
MPPROC 7301
    7301 7516
mpproc 7278
    7278 7507 7517 7522
mpsearch 7456
    7456 7485
mpsearch1 7430
    7430 7464 7468 7471
multiboot_header 1029
    1028 1029
mycpu 2438
    0363 1266 1288 1591 1647
    1661 1662 1663 1671 1673
    1879 1880 1881 1882 1883
    1886 2432 2438 2443 2468
    2911 2965 2971 2972 2973
myproc 2464
    0364 2464 2606 2629 2674
    2721 2778 2825 2961 2981
    3026 3554 3556 3558 3601
    3610 3612 3618 3623 3628
    3719 3734 3754 3764 3856
    3985 4008 4025 4829 5962
    6278 6306 6370 6705 6764
    6819 7037 7057 8461
namecmp 5803
    0298 5803 5824 6520
namei 5990
    0299 2576 5990 6411 6620
    6708 6823
nameiparent 6001
    0300 5955 5970 5982 6001
    6427 6512 6563
